start=4601.733333
volume=48.739834
