start=5714.642267
volume=30.619770
