start=5394.400000
volume=35.139824
