start=4448.333333
volume=37.239788
