start=1656.866000
volume=102.520020
