start=2568.032133
volume=48.959957
