start=3340.933333
volume=43.079887
